node    size    children
  1    7168    8 11 
  2    9216    10 
  3    5120    10 13 14 
  4    5120    8 11 12 13 14 
  5    2048    9 13 
  6    5120    11 
  7    7168    8 11 
  8    8192    16 17 18 19 21 
  9    7168    19 21 
  10    7168    17 22 
  11    6144    17 22 
  12    6144    20 22 
  13    10240    15 17 18 19 20 22 
  14    10240    16 18 19 
  15    9216    23 29 
  16    9216    26 27 
  17    8192    24 26 28 
  18    8192    24 25 26 28 30 
  19    5120    23 27 28 
  20    6144    23 30 
  21    8192    25 30 
  22    4096    
  23    4096    31 32 35 
  24    7168    34 35 
  25    5120    33 34 35 36 
  26    8192    31 36 
  27    4096    32 33 
  28    2048    
  29    6144    
  30    10240    32 35 37 
  31    10240    40 45 
  32    3072    38 39 40 41 42 43 
  33    4096    38 39 40 41 43 
  34    4096    38 42 44 
  35    7168    
  36    10240    40 42 
  37    3072    39 41 45 
  38    8192    50 51 53 
  39    10240    49 
  40    8192    46 52 
  41    5120    48 
  42    5120    46 
  43    7168    46 47 51 53 
  44    10240    46 52 53 
  45    3072    49 51 53 
  46    7168    57 58 
  47    6144    54 55 58 60 
  48    8192    55 60 
  49    7168    54 55 56 
  50    6144    59 
  51    8192    60 
  52    8192    58 
  53    2048    59 60 
  54    10240    62 63 65 
  55    9216    61 62 63 65 67 
  56    3072    61 62 64 65 
  57    2048    66 
  58    8192    61 68 
  59    4096    63 66 
  60    10240    61 63 64 
  61    5120    
  62    8192    70 
  63    10240    70 
  64    4096    69 70 
  65    5120    
  66    6144    
  67    8192    70 
  68    8192    
  69    3072    
  70    6144    
