node    size    children
  1    7168    6 7 8 10 
  2    3072    6 
  3    7168    7 
  4    3072    7 9 
  5    4096    6 8 10 
  6    7168    11 14 
  7    2048    12 13 
  8    4096    13 
  9    3072    14 
  10    8192    11 14 15 
  11    7168    
  12    4096    18 
  13    7168    17 
  14    10240    19 20 21 
  15    5120    16 18 19 
  16    6144    23 25 26 
  17    5120    23 26 
  18    3072    22 
  19    7168    24 
  20    8192    
  21    4096    23 
  22    6144    29 30 31 
  23    10240    28 29 
  24    3072    27 28 
  25    10240    27 
  26    9216    27 31 
  27    8192    37 
  28    7168    35 
  29    3072    32 33 34 36 
  30    5120    32 33 36 
  31    10240    
  32    6144    40 
  33    3072    38 39 40 
  34    8192    39 40 41 
  35    9216    38 41 42 
  36    7168    42 
  37    9216    42 
  38    8192    45 
  39    4096    45 
  40    2048    44 45 
  41    3072    
  42    4096    43 
  43    8192    
  44    5120    
  45    6144    

