node    size    children
  1    8192    9 10 12 
  2    3072    13 15 
  3    6144    8 13 
  4    9216    10 11 12 13 14 15 
  5    6144    9 
  6    6144    12 14 
  7    6144    12 14 
  8    6144    17 18 19 20 22 
  9    9216    23 
  10    10240    16 17 18 23 
  11    4096    16 17 21 22 
  12    7168    19 20 
  13    2048    16 23 
  14    5120    16 17 20 21 
  15    7168    23 
  16    5120    29 30 
  17    6144    25 26 29 31 
  18    3072    24 25 
  19    3072    24 26 27 28 31 
  20    6144    24 27 31 
  21    8192    27 
  22    2048    29 30 
  23    9216    28 30 
  24    4096    32 34 39 
  25    9216    33 
  26    5120    35 38 
  27    8192    33 38 
  28    4096    32 36 38 
  29    7168    39 
  30    10240    34 36 37 38 39 
  31    9216    33 34 39 
  32    8192    44 
  33    5120    41 42 45 
  34    7168    40 41 42 
  35    3072    40 41 
  36    3072    41 45 
  37    9216    40 42 43 46 
  38    7168    44 
  39    6144    40 43 44 
  40    3072    47 48 50 51 
  41    2048    
  42    3072    49 51 52 
  43    5120    52 
  44    5120    53 
  45    7168    49 53 
  46    2048    53 
  47    4096    57 58 59 
  48    5120    59 
  49    6144    54 56 57 59 60 
  50    9216    57 59 
  51    5120    54 56 
  52    8192    54 55 56 60 
  53    4096    57 60 
  54    8192    62 63 
  55    5120    61 62 65 66 67 68 
  56    9216    
  57    6144    62 67 68 
  58    5120    64 66 
  59    6144    66 
  60    7168    64 67 68 
  61    9216    73 
  62    6144    69 71 73 74 
  63    6144    72 73 75 
  64    3072    69 71 72 
  65    5120    70 71 75 
  66    5120    
  67    9216    69 71 72 
  68    10240    72 75 
  69    9216    77 
  70    7168    80 
  71    7168    
  72    10240    77 78 
  73    6144    77 78 
  74    8192    79 
  75    10240    76 77 79 
  76    5120    
  77    2048    
  78    7168    
  79    9216    
  80    3072    

