node    size    children
  1    10240    10 11 15 16 
  2    6144    10 11 13 16 
  3    6144    10 
  4    2048    9 12 15 16 
  5    2048    9 12 13 14 15 
  6    8192    9 14 16 
  7    7168    11 12 13 14 
  8    7168    9 10 11 13 14 15 
  9    4096    17 20 21 23 
  10    10240    18 19 22 
  11    8192    22 23 
  12    4096    17 18 
  13    2048    18 22 23 
  14    10240    22 
  15    6144    17 23 
  16    8192    17 
  17    3072    24 25 26 
  18    9216    24 25 26 29 
  19    7168    29 30 
  20    5120    27 29 
  21    3072    24 
  22    4096    25 
  23    10240    28 
  24    8192    36 
  25    2048    33 
  26    10240    31 34 35 37 
  27    10240    31 36 37 37 
  28    10240    31 32 34 35 36 37 
  29    9216    36 
  30    4096    34 35 
  31    3072    40 
  32    5120    
  33    7168    42 43 44 
  34    10240    39 42 44 
  35    2048    40 42 44 
  36    8192    43 
  37    5120    38 39 40 41 42 43 
  38    7168    46 47 48 
  39    6144    47 50 51 
  40    9216    46 
  41    9216    49 50 
  42    8192    49 
  43    4096    45 
  44    3072    46 48 49 50 
  45    5120    52 57 59 
  46    2048    52 57 59 
  47    5120    56 58 
  48    7168    55 56 57 59 
  49    9216    53 54 55 56 
  50    6144    52 56 
  51    2048    52 55 
  52    10240    67 
  53    9216    62 63 
  54    7168    60 61 63 67 
  55    3072    60 61 
  56    3072    60 63 67 
  57    4096    62 65 
  58    6144    60 62 64 65 66 
  59    9216    65 67 
  60    7168    69 72 
  61    3072    74 75 
  62    3072    70 72 74 
  63    3072    70 72 73 
  64    5120    70 71 
  65    8192    71 73 
  66    6144    68 71 72 73 74 
  67    2048    73 
  68    9216    
  69    4096    
  70    8192    
  71    10240    
  72    2048    
  73    4096    
  74    4096    
  75    3072    

