node    size    children
  1    3072    5 
  2    6144    6 7 
  3    2048    8 
  4    2048    5 6 8 
  5    9216    9 
  6    4096    10 11 12 
  7    4096    11 
  8    4096    9 
  9    6144    15 17 
  10    4096    13 
  11    6144    14 15 
  12    2048    16 
  13    2048    19 21 
  14    8192    20 
  15    3072    18 19 21 
  16    3072    18 
  17    7168    
  18    4096    
  19    3072    22 23 24 25 
  20    7168    24 26 
  21    4096    
  22    10240    29 
  23    3072    27 29 30 
  24    8192    28 29 
  25    7168    28 
  26    4096    27 
  27    4096    
  28    10240    
  29    4096    
  30    4096    

