node    size    children
  1    9216    12 13 27 
  2    6144    12 24 
  3    7168    8 9 10 15 
  4    9216    12 14 20 
  5    2048    11 14 16 21 24 
  6    10240    8 13 14 18 21 
  7    10240    9 13 15 17 21 25 27 
  8    10240    16 26 30 
  9    7168    
  10    7168    15 
  11    4096    17 19 29 
  12    9216    35 36 
  13    4096    28 33 
  14    6144    
  15    9216    41 
  16    7168    22 23 36 39 42 
  17    2048    22 31 33 40 
  18    3072    24 27 28 34 37 
  19    8192    23 40 
  20    3072    25 34 
  21    4096    29 40 41 
  22    4096    42 
  23    6144    32 48 
  24    5120    33 41 48 
  25    4096    30 34 38 39 44 
  26    3072    30 34 35 42 45 
  27    5120    30 49 
  28    10240    42 43 52 
  29    5120    38 39 47 56 
  30    6144    53 57 
  31    5120    41 55 60 
  32    5120    43 
  33    3072    50 53 
  34    2048    38 43 
  35    8192    40 44 57 
  36    5120    37 54 
  37    7168    
  38    9216    47 
  39    8192    57 
  40    7168    47 51 63 66 
  41    7168    46 52 
  42    10240    54 65 
  43    10240    46 57 
  44    4096    59 66 
  45    9216    63 
  46    5120    54 65 70 
  47    5120    
  48    4096    55 63 
  49    9216    54 68 
  50    5120    58 66 68 
  51    9216    59 60 61 68 70 
  52    2048    61 65 
  53    2048    66 67 69 
  54    5120    67 
  55    4096    64 
  56    7168    
  57    5120    65 
  58    5120    62 
  59    9216    64 
  60    7168    
  61    9216    70 
  62    5120    
  63    4096    
  64    10240    70 
  65    5120    
  66    8192    
  67    3072    
  68    2048    
  69    2048    
  70    2048    

