node    size    children
  1    9216    10 11 
  2    10240    8 9 10 12 18 22 33 36 
  3    2048    13 15 25 30 31 
  4    6144    8 9 12 14 16 19 20 24 29 31 32 33 35 
  5    6144    9 16 17 20 22 24 30 31 
  6    9216    13 19 20 34 
  7    6144    10 11 13 23 26 28 
  8    7168    21 27 
  9    2048    27 29 39 
  10    9216    27 44 
  11    4096    21 28 36 
  12    8192    20 21 24 28 30 33 
  13    9216    43 44 
  14    5120    41 
  15    2048    52 
  16    8192    
  17    10240    28 
  18    9216    25 38 
  19    6144    43 47 
  20    10240    42 
  21    2048    23 41 46 
  22    9216    41 51 
  23    4096    31 34 54 59 
  24    7168    32 49 50 58 
  25    9216    41 52 
  26    10240    36 38 46 54 
  27    2048    53 
  28    10240    37 59 
  29    4096    58 59 
  30    5120    44 50 56 66 
  31    6144    42 44 57 62 
  32    10240    42 
  33    10240    47 53 
  34    5120    40 
  35    4096    47 50 65 66 
  36    5120    65 
  37    5120    45 64 73 
  38    2048    47 53 63 70 
  39    10240    48 56 
  40    6144    68 
  41    6144    
  42    6144    45 55 68 
  43    2048    53 71 
  44    2048    73 
  45    6144    75 
  46    3072    63 71 80 
  47    8192    61 62 65 
  48    4096    58 71 
  49    10240    67 
  50    10240    70 75 
  51    9216    61 
  52    2048    63 76 
  53    10240    64 
  54    3072    60 64 68 69 
  55    3072    69 74 
  56    4096    60 70 78 
  57    9216    69 80 
  58    9216    61 
  59    9216    78 
  60    4096    79 
  61    5120    72 
  62    8192    
  63    4096    
  64    3072    
  65    4096    68 71 75 
  66    5120    
  67    5120    80 
  68    2048    77 
  69    2048    76 80 
  70    10240    
  71    8192    75 
  72    5120    
  73    3072    78 79 
  74    2048    
  75    10240    
  76    8192    
  77    2048    
  78    7168    
  79    4096    
  80    8192    

