node    size    children
  1    7168    9 12 14 21 
  2    5120    18 21 
  3    5120    9 11 12 13 15 19 22 
  4    5120    9 11 15 19 22 
  5    10240    10 11 15 
  6    10240    8 10 12 13 14 19 21 28 29 
  7    8192    12 14 16 18 20 24 
  8    7168    17 
  9    8192    31 
  10    8192    17 22 25 26 37 
  11    8192    19 23 
  12    3072    32 33 37 
  13    6144    35 
  14    5120    15 17 31 
  15    5120    35 
  16    3072    25 29 33 41 
  17    7168    28 29 34 39 42 
  18    10240    27 32 
  19    10240    28 30 32 34 41 
  20    4096    24 40 43 
  21    2048    39 44 
  22    5120    36 39 
  23    10240    30 35 41 42 48 50 
  24    4096    49 
  25    3072    38 
  26    5120    33 39 51 
  27    5120    34 42 51 
  28    3072    35 51 
  29    2048    41 51 
  30    8192    38 58 
  31    9216    
  32    2048    
  33    3072    38 40 42 48 54 57 
  34    5120    47 48 55 
  35    7168    
  36    7168    52 54 
  37    6144    58 
  38    9216    53 
  39    3072    58 59 
  40    9216    
  41    4096    45 46 57 64 
  42    9216    49 60 64 
  43    6144    52 
  44    6144    49 52 56 57 63 
  45    8192    60 61 64 67 
  46    10240    67 68 
  47    2048    52 59 
  48    9216    59 73 
  49    6144    54 62 
  50    10240    70 
  51    10240    55 71 72 73 
  52    2048    
  53    10240    64 
  54    9216    70 72 
  55    6144    69 
  56    2048    65 68 70 71 
  57    4096    59 70 74 
  58    4096    
  59    5120    
  60    5120    66 71 
  61    10240    69 
  62    2048    67 72 
  63    6144    68 75 
  64    4096    
  65    4096    
  66    4096    
  67    7168    
  68    10240    74 
  69    9216    
  70    8192    
  71    2048    75 
  72    5120    
  73    7168    
  74    2048    
  75    10240    

