node    size    children
  1    9216    9 10 11 14 16 22 29 35 36 
  2    9216    11 12 14 
  3    7168    22 23 26 27 28 
  4    7168    10 12 17 18 19 21 28 31 34 35 
  5    3072    10 15 21 31 
  6    3072    9 10 11 12 16 18 20 25 
  7    10240    9 11 13 14 16 17 19 21 
  8    3072    9 18 22 25 
  9    7168    17 18 19 37 
  10    7168    26 38 
  11    10240    22 37 38 41 44 
  12    3072    24 39 
  13    4096    32 
  14    6144    38 44 
  15    6144    33 34 
  16    6144    27 42 
  17    5120    27 
  18    5120    27 30 
  19    5120    
  20    3072    44 51 
  21    5120    33 42 46 48 
  22    8192    30 
  23    10240    49 
  24    3072    33 34 46 
  25    6144    40 43 49 54 
  26    7168    58 59 
  27    6144    52 
  28    10240    35 55 
  29    10240    34 47 57 
  30    5120    36 37 44 
  31    7168    50 61 
  32    8192    39 47 52 
  33    2048    40 43 
  34    4096    53 57 
  35    6144    
  36    5120    
  37    6144    39 53 
  38    5120    57 
  39    7168    61 62 
  40    2048    60 
  41    10240    45 50 58 
  42    2048    53 56 
  43    6144    64 
  44    3072    56 
  45    7168    60 65 
  46    7168    
  47    9216    54 56 64 
  48    10240    54 63 
  49    8192    
  50    3072    54 
  51    8192    
  52    4096    56 62 63 
  53    6144    
  54    3072    
  55    9216    63 
  56    2048    60 
  57    5120    64 
  58    9216    
  59    8192    61 
  60    4096    
  61    3072    
  62    10240    
  63    4096    
  64    8192    
  65    9216    

