node    size    children
  1    7168    10 13 19 20 23 
  2    9216    10 16 19 23 27 31 
  3    9216    11 13 14 15 16 20 26 31 
  4    3072    24 26 30 
  5    8192    11 13 16 28 
  6    7168    10 13 17 23 25 
  7    4096    9 11 20 24 29 
  8    9216    9 11 12 15 18 19 21 22 
  9    7168    21 26 35 36 
  10    6144    38 
  11    5120    28 38 
  12    5120    17 27 34 
  13    7168    20 28 
  14    6144    21 30 
  15    4096    37 
  16    9216    19 
  17    9216    33 45 
  18    7168    25 43 46 
  19    6144    32 46 
  20    8192    40 45 46 
  21    10240    32 42 47 
  22    7168    47 
  23    5120    26 27 38 39 
  24    8192    33 35 41 43 44 51 52 
  25    9216    33 38 
  26    8192    36 40 41 49 53 55 
  27    10240    
  28    8192    42 49 55 
  29    7168    32 36 45 50 54 
  30    6144    49 50 54 
  31    8192    33 43 
  32    7168    41 47 50 
  33    6144    56 
  34    8192    53 
  35    2048    47 50 52 56 
  36    5120    48 49 54 
  37    6144    52 61 
  38    10240    41 56 62 
  39    7168    45 52 56 
  40    9216    62 66 67 69 
  41    3072    58 59 60 61 65 67 69 
  42    10240    54 55 68 70 
  43    5120    48 64 
  44    10240    48 57 59 
  45    2048    59 
  46    5120    57 58 61 
  47    7168    69 
  48    10240    73 
  49    6144    65 
  50    5120    58 71 
  51    4096    57 72 
  52    8192    74 
  53    5120    58 66 
  54    2048    60 
  55    4096    61 77 
  56    10240    72 75 
  57    5120    66 71 75 
  58    10240    71 78 
  59    9216    71 79 
  60    6144    63 64 80 
  61    9216    72 77 
  62    9216    63 64 70 74 
  63    6144    74 80 
  64    6144    76 
  65    3072    
  66    3072    
  67    5120    
  68    4096    78 
  69    5120    
  70    9216    
  71    2048    
  72    7168    79 
  73    3072    80 
  74    5120    78 
  75    3072    
  76    3072    78 
  77    6144    
  78    2048    
  79    2048    
  80    8192    

