node    size    children
  1    10240    5 7 12 
  2    9216    8 10 
  3    9216    5 6 
  4    7168    6 8 9 
  5    7168    11 18 
  6    4096    
  7    4096    17 
  8    6144    
  9    9216    15 20 
  10    9216    14 16 
  11    10240    13 15 
  12    10240    19 
  13    5120    16 21 
  14    6144    22 
  15    4096    
  16    5120    
  17    3072    20 
  18    9216    19 
  19    8192    25 
  20    7168    23 24 
  21    10240    
  22    8192    
  23    8192    
  24    10240    
  25    7168    
