node    size    children
  1    10240    6 9 11 
  2    10240    11 18 
  3    5120    5 6 7 8 13 
  4    2048    5 7 10 13 14 
  5    8192    15 24 
  6    4096    
  7    5120    12 
  8    4096    14 22 
  9    6144    11 13 17 
  10    8192    
  11    5120    15 19 
  12    6144    19 
  13    7168    16 22 
  14    7168    18 
  15    3072    
  16    2048    20 21 23 24 
  17    2048    
  18    9216    
  19    3072    23 25 29 
  20    2048    28 30 
  21    9216    28 
  22    7168    27 
  23    4096    29 
  24    10240    26 
  25    4096    
  26    7168    
  27    10240    30 
  28    5120    
  29    5120    30 
  30    5120    

