node    size    children
  1    8192    9 19 20 23 30 
  2    3072    10 15 23 30 36 
  3    6144    9 14 18 23 24 28 30 
  4    4096    8 9 11 13 15 16 18 21 26 28 
  5    2048    9 13 16 20 21 26 
  6    10240    12 13 16 17 20 21 22 
  7    6144    11 13 16 20 25 
  8    4096    38 40 
  9    2048    22 43 44 
  10    10240    31 37 
  11    10240    
  12    10240    19 26 
  13    2048    44 45 
  14    6144    21 22 26 39 
  15    3072    18 24 
  16    6144    40 44 49 
  17    3072    34 49 
  18    2048    30 47 48 
  19    5120    28 32 33 
  20    6144    34 
  21    5120    34 
  22    5120    24 27 29 35 37 
  23    8192    29 40 
  24    9216    32 38 53 
  25    6144    48 
  26    9216    47 
  27    4096    45 54 58 
  28    2048    32 55 
  29    8192    
  30    10240    41 43 45 
  31    5120    42 49 50 51 55 56 61 
  32    10240    38 43 45 46 57 
  33    4096    39 46 50 56 61 
  34    2048    41 43 62 64 
  35    6144    62 64 
  36    10240    49 58 59 
  37    4096    41 48 52 55 57 59 
  38    7168    50 54 63 66 
  39    2048    47 48 66 
  40    4096    67 69 
  41    7168    56 
  42    2048    51 65 
  43    4096    
  44    8192    50 
  45    5120    68 70 
  46    4096    58 
  47    8192    61 69 
  48    7168    60 65 
  49    3072    59 68 
  50    9216    54 56 
  51    5120    67 
  52    9216    69 
  53    4096    
  54    5120    68 
  55    8192    70 
  56    2048    66 
  57    6144    66 
  58    9216    68 
  59    8192    67 
  60    5120    
  61    7168    
  62    6144    69 
  63    6144    
  64    5120    
  65    10240    
  66    2048    
  67    8192    
  68    8192    
  69    3072    
  70    2048    

