node    size    children
  1    8192    10 13 19 21 23 32 
  2    7168    14 21 24 28 
  3    2048    9 12 14 15 17 18 20 24 27 30 
  4    3072    10 15 16 17 24 
  5    9216    11 15 22 26 29 
  6    2048    19 26 28 
  7    8192    8 10 13 14 17 19 20 
  8    10240    30 
  9    3072    
  10    9216    17 
  11    8192    19 25 
  12    8192    16 36 41 
  13    10240    27 
  14    10240    40 
  15    6144    26 31 37 39 
  16    2048    24 25 26 
  17    5120    23 35 
  18    10240    23 49 
  19    4096    30 49 
  20    10240    
  21    10240    27 
  22    7168    34 35 40 55 
  23    7168    40 
  24    10240    54 
  25    8192    55 
  26    9216    33 
  27    4096    35 42 
  28    6144    
  29    8192    44 48 49 52 
  30    2048    36 45 
  31    6144    40 50 
  32    7168    36 
  33    9216    37 38 42 46 47 
  34    9216    43 50 
  35    2048    38 44 48 
  36    7168    46 
  37    8192    
  38    5120    49 55 
  39    2048    45 55 
  40    7168    48 53 
  41    3072    51 52 
  42    4096    
  43    6144    54 
  44    10240    
  45    4096    
  46    3072    
  47    4096    
  48    9216    52 
  49    9216    
  50    10240    
  51    8192    
  52    2048    
  53    3072    
  54    6144    
  55    4096    

