node    size    children
  1    3072    6 7 8 9 11 12 14 
  2    6144    10 17 19 
  3    4096    5 6 7 
  4    8192    8 11 12 13 14 16 
  5    2048    25 
  6    5120    
  7    8192    
  8    7168    18 
  9    2048    
  10    6144    15 22 23 
  11    5120    15 
  12    7168    20 21 28 
  13    5120    
  14    7168    29 
  15    3072    30 
  16    4096    18 
  17    2048    
  18    7168    
  19    5120    24 
  20    9216    26 27 30 
  21    4096    24 27 
  22    7168    
  23    10240    27 
  24    5120    
  25    4096    
  26    4096    28 29 
  27    3072    
  28    10240    
  29    2048    
  30    3072