node    size    children
  1    9216    8 10 11 
  2    6144    8 12 13 15 17 19 21 
  3    2048    8 13 15 20 
  4    6144    9 10 13 14 16 
  5    3072    9 11 12 14 
  6    6144    8 9 12 14 
  7    3072    9 10 12 18 
  8    5120    15 20 21 23 
  9    4096    18 
  10    2048    16 25 26 
  11    7168    23 24 26 
  12    7168    23 
  13    7168    16 18 21 
  14    7168    16 23 
  15    3072    29 
  16    10240    35 
  17    6144    
  18    4096    28 
  19    5120    27 29 32 35 
  20    4096    26 33 35 36 
  21    7168    22 27 30 
  22    6144    43 
  23    10240    37 38 43 
  24    6144    31 32 34 
  25    5120    34 38 41 44 
  26    7168    31 40 
  27    6144    31 41 
  28    4096    29 30 37 43 
  29    5120    41 43 44 45 51 
  30    10240    37 41 
  31    7168    37 38 42 
  32    6144    50 
  33    10240    39 
  34    7168    40 47 
  35    5120    40 44 
  36    4096    40 44 
  37    6144    52 
  38    2048    49 
  39    9216    46 48 49 50 51 
  40    3072    47 56 58 
  41    7168    48 49 51 53 58 
  42    9216    49 
  43    6144    57 
  44    2048    50 55 
  45    3072    62 
  46    3072    
  47    8192    54 55 61 
  48    8192    54 65 
  49    5120    59 64 
  50    5120    63 
  51    6144    63 
  52    9216    60 
  53    2048    60 67 
  54    8192    
  55    10240    
  56    2048    60 
  57    4096    66 68 
  58    8192    62 64 66 69 
  59    7168    66 69 
  60    4096    66 67 68 69 
  61    2048    
  62    2048    
  63    3072    
  64    3072    67 
  65    5120    67 70 
  66    6144    
  67    7168    
  68    10240    
  69    2048    
  70    5120    

