node    size    children
  1    7168    11 12 16 18 20 21 24 27 
  2    6144    10 13 14 18 19 
  3    5120    10 19 20 
  4    9216    10 12 13 14 
  5    10240    9 13 15 16 18 
  6    7168    8 10 21 
  7    2048    11 12 14 21 28 
  8    8192    17 26 29 
  9    4096    16 30 35 
  10    9216    25 28 
  11    8192    17 23 30 
  12    2048    19 30 
  13    8192    
  14    8192    16 17 19 
  15    8192    31 32 40 
  16    10240    32 41 
  17    10240    29 33 
  18    8192    29 35 
  19    10240    22 39 
  20    10240    32 39 
  21    9216    22 34 35 38 
  22    10240    31 
  23    10240    
  24    9216    33 34 42 45 
  25    2048    43 
  26    3072    34 40 
  27    2048    30 39 
  28    7168    33 43 
  29    10240    37 39 53 
  30    10240    36 37 52 55 
  31    10240    41 47 
  32    6144    47 49 
  33    2048    43 54 
  34    10240    38 46 54 
  35    6144    41 
  36    3072    44 49 
  37    10240    44 50 51 58 
  38    9216    49 
  39    3072    45 
  40    7168    42 47 48 
  41    8192    
  42    9216    53 56 60 
  43    2048    53 
  44    10240    53 
  45    4096    
  46    2048    49 
  47    3072    59 
  48    10240    57 60 
  49    8192    57 
  50    2048    
  51    10240    57 59 
  52    3072    
  53    4096    57 
  54    10240    
  55    2048    58 
  56    7168    
  57    6144    
  58    10240    
  59    10240    
  60    10240    

