node    size    children
  1    5120    8 10 11 18 
  2    3072    9 10 
  3    2048    7 8 9 10 
  4    9216    9 12 17 
  5    2048    7 11 13 14 15 
  6    8192    7 8 11 13 15 16 19 
  7    4096    17 21 23 
  8    3072    20 25 
  9    5120    16 18 19 23 24 
  10    2048    13 
  11    6144    24 25 
  12    10240    20 
  13    4096    24 29 
  14    10240    23 29 32 
  15    10240    22 25 27 
  16    4096    21 25 26 31 
  17    5120    29 
  18    5120    
  19    2048    20 
  20    4096    28 30 34 35 
  21    3072    33 35 
  22    6144    28 32 
  23    3072    26 
  24    4096    34 37 
  25    6144    32 33 34 
  26    3072    38 44 
  27    4096    38 42 45 
  28    3072    43 
  29    5120    37 40 41 
  30    5120    35 36 
  31    4096    40 41 42 
  32    2048    37 39 
  33    5120    47 50 
  34    9216    46 49 
  35    5120    41 
  36    3072    45 46 
  37    4096    42 43 44 
  38    2048    48 
  39    10240    48 50 
  40    2048    
  41    3072    46 47 49 
  42    4096    46 
  43    10240    
  44    5120    48 
  45    6144    
  46    4096    
  47    6144    
  48    8192    
  49    8192    
  50    9216    

