node    size    children
  1    4096    7 8 11 15 17 22 28 
  2    4096    6 8 10 12 13 15 16 24 
  3    9216    7 16 20 22 
  4    2048    6 9 12 14 15 17 21 
  5    10240    6 7 8 17 19 
  6    10240    16 22 32 
  7    7168    32 
  8    2048    13 
  9    9216    18 25 29 
  10    8192    30 32 33 
  11    2048    13 19 23 35 
  12    9216    18 21 23 24 35 
  13    6144    21 
  14    9216    31 34 41 
  15    3072    
  16    10240    27 29 38 
  17    5120    
  18    6144    26 37 40 
  19    7168    27 38 
  20    6144    33 
  21    3072    
  22    7168    33 
  23    6144    31 
  24    2048    36 38 
  25    3072    36 
  26    8192    42 
  27    4096    35 43 
  28    6144    30 44 
  29    9216    30 
  30    4096    
  31    3072    45 
  32    5120    41 
  33    10240    39 
  34    5120    
  35    7168    39 44 
  36    8192    
  37    7168    45 
  38    5120    
  39    3072    
  40    9216    
  41    7168    
  42    2048    
  43    2048    
  44    7168    
  45    2048    

