node    size    children
  1    8192    7 10 10 11 14 18 20 26 
  2    7168    14 18 20 22 23 25 32 
  3    3072    7 8 9 12 16 20 28 31 
  4    5120    8 12 14 17 31 
  5    9216    13 16 19 
  6    5120    7 8 10 14 21 23 25 29 
  7    5120    
  8    8192    27 35 
  9    6144    32 
  10    3072    34 
  11    3072    15 17 26 39 
  12    9216    15 17 22 24 
  13    5120    33 36 
  14    8192    38 39 44 
  15    10240    34 40 
  16    4096    33 40 
  17    5120    21 43 44 
  18    4096    44 
  19    3072    
  20    3072    
  21    8192    30 38 41 45 
  22    4096    37 45 51 52 
  23    2048    33 52 
  24    2048    42 
  25    4096    37 42 47 49 
  26    7168    40 
  27    10240    42 
  28    10240    37 53 
  29    6144    49 
  30    5120    38 56 58 
  31    10240    44 
  32    8192    50 56 
  33    9216    47 
  34    2048    45 
  35    5120    42 56 60 
  36    4096    51 
  37    3072    43 45 57 59 
  38    9216    47 54 57 58 
  39    3072    40 41 
  40    6144    59 
  41    4096    51 
  42    9216    46 60 
  43    10240    48 50 58 
  44    7168    48 55 
  45    7168    49 
  46    8192    56 
  47    10240    
  48    10240    
  49    2048    
  50    7168    
  51    3072    54 
  52    4096    
  53    2048    
  54    3072    
  55    6144    
  56    4096    
  57    3072    
  58    7168    
  59    4096    
  60    9216    

