node    size    children
  1    6144    7 9 10 12 13 16 19 
  2    5120    8 13 16 
  3    10240    9 11 14 
  4    10240    8 10 16 
  5    7168    18 
  6    4096    7 8 9 10 
  7    2048    17 20 
  8    5120    19 21 
  9    7168    14 
  10    6144    14 16 23 
  11    5120    15 20 
  12    6144    19 20 24 25 
  13    10240    18 
  14    8192    23 30 
  15    5120    22 
  16    5120    22 27 28 
  17    6144    21 27 28 
  18    4096    23 
  19    4096    22 29 
  20    8192    26 30 35 38 
  21    9216    
  22    2048    31 35 
  23    4096    30 31 36 
  24    2048    27 28 32 33 37 38 
  25    9216    26 29 33 34 36 
  26    7168    32 34 39 42 43 
  27    3072    34 44 
  28    2048    33 36 39 42 
  29    8192    41 43 
  30    3072    32 41 43 45 
  31    8192    35 38 39 
  32    4096    42 48 50 52 
  33    8192    46 47 48 50 
  34    4096    
  35    4096    41 
  36    2048    43 45 48 51 
  37    4096    39 40 45 
  38    3072    40 52 
  39    2048    47 
  40    9216    49 50 53 
  41    4096    54 56 58 
  42    10240    46 52 53 54 
  43    7168    46 52 53 
  44    3072    48 53 54 
  45    2048    
  46    7168    56 
  47    8192    55 
  48    2048    56 60 
  49    3072    
  50    10240    60 
  51    10240    57 
  52    7168    
  53    6144    
  54    2048    
  55    2048    59 
  56    3072    
  57    8192    
  58    2048    59 
  59    2048    
  60    9216    

