node    size    children
  1    5120    7 10 13 15 16 20 
  2    3072    7 11 14 18 
  3    7168    11 12 
  4    9216    9 11 12 15 
  5    7168    9 10 17 
  6    3072    7 8 9 12 16 19 20 
  7    7168    
  8    10240    24 
  9    9216    21 
  10    10240    16 22 27 
  11    2048    
  12    3072    15 22 23 
  13    7168    18 27 
  14    5120    28 30 
  15    2048    23 27 30 
  16    7168    25 
  17    5120    21 
  18    9216    21 23 29 31 
  19    10240    
  20    3072    26 28 
  21    6144    32 
  22    7168    31 34 
  23    7168    
  24    3072    34 36 37 
  25    2048    29 38 40 
  26    10240    30 
  27    6144    33 
  28    6144    36 39 40 
  29    4096    37 44 45 
  30    3072    36 45 
  31    10240    35 42 
  32    2048    37 39 41 
  33    8192    39 43 
  34    6144    48 52 
  35    4096    46 
  36    7168    
  37    10240    41 43 
  38    3072    47 50 
  39    5120    44 48 51 
  40    6144    
  41    5120    48 
  42    7168    47 55 
  43    3072    49 
  44    4096    49 51 
  45    8192    49 51 52 53 54 
  46    8192    55 
  47    2048    
  48    9216    
  49    2048    55 
  50    5120    
  51    3072    53 54 
  52    4096    
  53    6144    
  54    2048    
  55    8192    

