node    size    children
  1    5120    12 13 17 19 
  2    9216    10 12 13 14 17 22 
  3    6144    15 18 21 23 
  4    3072    9 10 15 
  5    7168    14 15 16 17 21 
  6    3072    14 16 17 20 23 
  7    4096    9 10 13 14 
  8    8192    9 11 12 13 19 22 
  9    3072    24 26 29 
  10    6144    16 25 
  11    9216    18 28 30 
  12    5120    26 
  13    4096    23 26 29 30 
  14    2048    25 29 30 31 
  15    3072    16 20 31 
  16    8192    35 
  17    5120    
  18    6144    27 
  19    6144    35 38 
  20    5120    24 30 31 
  21    2048    25 31 33 36 
  22    7168    25 26 29 32 34 36 
  23    9216    
  24    10240    33 41 
  25    5120    37 40 41 42 
  26    5120    33 44 
  27    7168    39 46 
  28    2048    32 34 36 41 46 
  29    5120    34 36 38 42 43 45 47 
  30    10240    41 
  31    6144    34 38 42 43 
  32    6144    43 46 47 
  33    2048    45 54 
  34    4096    52 53 
  35    2048    45 49 51 54 
  36    9216    
  37    3072    44 
  38    5120    42 46 
  39    9216    40 45 
  40    9216    53 54 55 56 60 
  41    4096    52 59 
  42    6144    48 49 50 
  43    8192    49 53 
  44    7168    58 60 61 
  45    5120    60 61 
  46    7168    50 52 
  47    2048    52 56 
  48    10240    62 66 
  49    7168    61 
  50    6144    57 59 68 
  51    3072    56 68 69 
  52    4096    64 
  53    6144    57 64 67 
  54    6144    67 
  55    7168    65 70 
  56    3072    73 75 
  57    2048    63 64 
  58    6144    72 
  59    3072    64 
  60    4096    70 
  61    7168    68 72 
  62    3072    67 69 73 
  63    9216    
  64    2048    
  65    8192    73 
  66    6144    74 75 
  67    5120    71 72 
  68    3072    72 73 
  69    5120    75 
  70    8192    74 75 
  71    6144    
  72    10240    
  73    3072    
  74    4096    
  75    9216    

