node    size    children
  1    4096    8 17 23 24 
  2    7168    8 12 13 16 19 20 21 
  3    4096    9 14 15 
  4    6144    7 8 12 13 16 18 19 
  5    10240    9 10 11 12 19 
  6    10240    9 15 17 20 22 
  7    5120    23 31 33 
  8    2048    15 25 
  9    4096    21 
  10    9216    17 20 
  11    5120    22 23 26 
  12    9216    
  13    7168    15 30 31 33 
  14    4096    33 35 38 
  15    10240    25 27 38 
  16    8192    21 25 26 28 29 30 
  17    9216    
  18    2048    
  19    4096    29 30 32 38 
  20    6144    27 36 40 
  21    6144    29 
  22    6144    36 42 
  23    3072    29 35 37 40 
  24    9216    
  25    4096    42 43 
  26    8192    35 37 40 46 
  27    6144    
  28    2048    
  29    2048    39 47 
  30    10240    40 42 45 
  31    3072    
  32    4096    49 
  33    4096    34 
  34    4096    44 48 
  35    8192    
  36    3072    50 
  37    6144    
  38    6144    41 
  39    10240    
  40    4096    42 
  41    6144    
  42    2048    
  43    8192    47 50 
  44    2048    
  45    10240    
  46    3072    
  47    9216    
  48    3072    
  49    7168    
  50    2048    

