node    size    children
  1    9216    13 16 18 21 23 24 25 27 31 32 
  2    4096    8 11 15 18 20 21 25 30 
  3    9216    9 29 36 38 
  4    4096    11 12 17 22 23 35 
  5    9216    10 11 14 18 20 22 23 27 
  6    10240    20 21 22 23 26 31 
  7    5120    8 11 14 18 19 21 25 28 
  8    5120    19 20 27 
  9    6144    28 38 41 
  10    6144    35 40 43 
  11    4096    29 39 45 
  12    2048    37 39 
  13    5120    37 42 
  14    6144    16 27 
  15    5120    45 
  16    10240    52 
  17    8192    36 47 51 53 
  18    5120    
  19    10240    53 
  20    5120    24 26 32 40 44 46 
  21    4096    
  22    9216    51 
  23    10240    51 
  24    8192    35 
  25    2048    33 48 54 
  26    2048    38 41 43 46 
  27    5120    41 44 48 52 
  28    7168    37 43 44 
  29    6144    
  30    6144    34 38 60 
  31    7168    42 45 46 
  32    2048    52 
  33    2048    42 49 50 57 58 62 65 
  34    5120    61 
  35    10240    
  36    8192    51 60 
  37    5120    57 66 
  38    7168    42 
  39    3072    63 69 72 
  40    9216    
  41    8192    49 58 
  42    5120    55 56 62 63 70 
  43    5120    59 
  44    4096    60 65 68 
  45    6144    48 60 69 
  46    9216    72 
  47    2048    57 67 
  48    5120    57 73 
  49    4096    56 
  50    3072    
  51    6144    
  52    4096    
  53    10240    70 71 74 
  54    6144    
  55    5120    64 70 
  56    7168    62 71 
  57    3072    75 
  58    3072    73 
  59    6144    65 
  60    7168    68 
  61    9216    
  62    2048    70 75 
  63    5120    
  64    5120    73 
  65    3072    
  66    3072    71 
  67    3072    72 
  68    6144    
  69    9216    
  70    10240    
  71    6144    
  72    9216    
  73    8192    
  74    2048    
  75    9216    

