node    size    children
  1    8192    10 12 14 20 21 26 
  2    10240    7 8 13 14 18 19 20 23 
  3    9216    9 10 12 14 15 18 
  4    10240    7 9 11 12 16 17 20 23 25 
  5    10240    26 
  6    7168    9 13 14 19 22 
  7    10240    16 31 
  8    3072    19 21 22 
  9    10240    27 32 
  10    2048    23 27 32 
  11    2048    22 28 32 
  12    7168    
  13    5120    15 
  14    7168    24 25 30 37 38 
  15    9216    27 
  16    5120    22 
  17    7168    
  18    7168    24 25 
  19    4096    25 34 
  20    7168    33 
  21    8192    30 42 
  22    7168    44 
  23    6144    29 44 
  24    5120    31 40 
  25    10240    33 35 41 
  26    9216    38 
  27    6144    39 
  28    5120    36 39 43 
  29    5120    48 
  30    8192    34 45 
  31    7168    
  32    5120    49 
  33    7168    
  34    10240    41 45 53 
  35    9216    43 47 50 
  36    9216    52 
  37    10240    41 43 51 54 
  38    9216    46 47 
  39    10240    
  40    5120    55 
  41    3072    48 54 
  42    5120    48 49 52 
  43    4096    
  44    8192    49 54 
  45    6144    55 
  46    8192    
  47    7168    53 
  48    10240    
  49    9216    
  50    3072    
  51    9216    
  52    8192    
  53    10240    
  54    3072    
  55    2048    

