node    size    children
  1    9216    7 8 9 13 17 
  2    8192    5 6 9 10 11 
  3    2048    6 8 10 12 16 
  4    4096    7 
  5    10240    
  6    2048    11 
  7    3072    15 18 20 
  8    8192    
  9    8192    18 21 24 
  10    10240    14 15 
  11    5120    13 16 22 
  12    6144    25 
  13    9216    
  14    6144    19 
  15    2048    
  16    6144    
  17    9216    
  18    10240    23 
  19    9216    
  20    5120    
  21    7168    
  22    10240    
  23    5120    
  24    7168    
  25    6144    
