node    size    children
  1    6144    9 10 11 14 15 18 20 
  2    8192    8 14 15 19 
  3    3072    14 16 18 
  4    7168    12 17 19 
  5    3072    11 12 15 21 22 
  6    3072    11 14 16 21 
  7    2048    9 10 11 13 15 17 
  8    6144    
  9    9216    
  10    6144    28 
  11    2048    17 19 27 
  12    5120    18 26 
  13    5120    22 25 
  14    2048    21 24 
  15    8192    25 28 
  16    7168    24 25 28 33 
  17    8192    26 28 36 
  18    4096    35 
  19    4096    26 32 34 37 
  20    7168    23 26 29 30 31 32 33 36 
  21    10240    30 35 
  22    9216    24 29 36 
  23    7168    44 
  24    8192    30 35 36 
  25    7168    38 44 
  26    3072    
  27    3072    30 32 41 
  28    9216    41 
  29    6144    39 41 
  30    4096    40 42 48 51 
  31    4096    39 43 
  32    8192    51 
  33    6144    
  34    9216    38 42 
  35    2048    45 46 47 
  36    6144    39 42 51 
  37    3072    41 
  38    5120    48 
  39    10240    50 54 
  40    5120    47 50 51 53 55 
  41    5120    45 52 
  42    2048    45 49 
  43    6144    47 54 56 
  44    8192    49 56 56 
  45    3072    52 54 57 62 
  46    7168    53 57 59 63 
  47    4096    63 64 
  48    2048    59 62 64 
  49    9216    57 59 62 64 
  50    4096    54 57 58 61 
  51    10240    52 60 61 62 65 
  52    9216    
  53    3072    
  54    8192    60 
  55    8192    61 65 
  56    2048    60 61 
  57    2048    65 
  58    8192    63 
  59    10240    
  60    9216    
  61    10240    
  62    5120    
  63    8192    
  64    7168    
  65    8192    

