node    size    children
  1    5120    12 14 14 18 21 
  2    2048    14 15 27 
  3    9216    9 10 12 13 17 20 24 28 
  4    7168    12 13 27 29 
  5    2048    10 11 12 13 16 19 20 22 
  6    6144    11 16 19 
  7    5120    11 22 26 
  8    10240    10 11 14 18 23 
  9    8192    34 
  10    8192    17 27 
  11    9216    34 37 
  12    6144    36 
  13    10240    22 29 33 
  14    10240    19 29 32 
  15    9216    26 35 
  16    2048    39 42 
  17    9216    25 37 
  18    4096    29 33 45 
  19    9216    24 25 
  20    3072    25 43 
  21    2048    26 31 
  22    4096    25 26 33 35 40 44 
  23    6144    32 41 45 
  24    9216    31 
  25    8192    30 31 49 
  26    4096    30 41 47 
  27    4096    37 38 48 51 
  28    9216    32 39 43 51 
  29    4096    42 43 
  30    8192    45 46 56 
  31    10240    46 54 60 
  32    9216    39 
  33    2048    43 46 53 58 60 
  34    5120    38 51 
  35    3072    55 
  36    4096    41 54 58 
  37    5120    41 
  38    3072    55 57 
  39    3072    53 59 
  40    5120    57 
  41    10240    46 52 57 
  42    7168    55 63 
  43    2048    53 
  44    5120    50 62 
  45    7168    57 58 
  46    5120    61 63 
  47    5120    54 
  48    8192    62 
  49    4096    58 62 63 
  50    2048    
  51    10240    60 62 64 
  52    3072    60 65 
  53    10240    
  54    4096    61 
  55    8192    
  56    9216    
  57    6144    
  58    3072    61 
  59    5120    
  60    10240    63 64 
  61    5120    
  62    3072    
  63    8192    
  64    6144    
  65    9216    

