node    size    children
  1    3072    6 8 11 13 
  2    7168    6 7 8 12 
  3    3072    5 9 
  4    8192    7 9 10 13 
  5    6144    11 
  6    9216    11 
  7    5120    16 
  8    3072    15 
  9    4096    14 17 
  10    2048    18 19 21 
  11    5120    19 
  12    3072    
  13    5120    15 20 
  14    10240    23 26 
  15    5120    23 26 
  16    3072    19 20 21 24 
  17    7168    20 22 
  18    4096    27 
  19    4096    30 
  20    10240    25 
  21    8192    28 
  22    4096    
  23    2048    
  24    5120    30 
  25    5120    29 
  26    2048    28 30 
  27    7168    28 
  28    7168    
  29    2048    
  30    10240    

