node    size    children
  1    7168    4 6 8 9 
  2    7168    4 5 
  3    2048    5 6 
  4    3072    
  5    9216    7 12 
  6    9216    8 11 
  7    9216    10 
  8    2048    10 15 
  9    9216    14 
  10    2048    13 16 17 
  11    3072    
  12    8192    
  13    6144    18 19 
  14    10240    20 
  15    6144    16 
  16    7168    
  17    3072    22 
  18    10240    21 23 
  19    2048    20 23 
  20    9216    24 
  21    9216    25 
  22    6144    
  23    7168    
  24    6144    
  25    10240    

