node    size    children
  1    3072    6 8 15 
  2    6144    7 13 
  3    6144    12 13 
  4    2048    8 9 10 11 
  5    8192    7 8 10 13 15 
  6    10240    14 15 16 
  7    8192    19 
  8    10240    16 17 
  9    9216    
  10    9216    14 21 
  11    6144    20 22 
  12    10240    26 27 
  13    2048    18 23 
  14    6144    18 
  15    9216    25 27 
  16    5120    22 23 26 27 
  17    10240    30 
  18    7168    24 28 33 
  19    10240    23 26 
  20    6144    31 
  21    10240    29 
  22    6144    30 
  23    5120    29 31 38 
  24    7168    28 29 
  25    3072    34 38 
  26    6144    28 32 
  27    8192    30 38 39 
  28    4096    34 35 40 
  29    8192    39 
  30    5120    
  31    2048    35 37 
  32    6144    
  33    2048    36 
  34    3072    
  35    10240    40 
  36    2048    
  37    3072    
  38    5120    
  39    4096    40 
  40    5120    

