node    size    children
  1    7168    9 11 12 
  2    3072    8 10 
  3    2048    8 9 
  4    6144    7 12 
  5    2048    11 
  6    7168    8 11 12 
  7    10240    15 17 
  8    4096    13 14 19 
  9    5120    14 16 
  10    9216    14 
  11    7168    13 18 
  12    5120    13 15 17 
  13    4096    22 
  14    10240    
  15    2048    24 
  16    4096    20 21 
  17    3072    22 24 25 
  18    10240    22 24 25 
  19    10240    20 23 24 26 
  20    7168    
  21    4096    31 32 
  22    8192    27 28 29 31 32 33 
  23    7168    28 30 31 
  24    8192    27 28 30 32 
  25    3072    29 32 33 
  26    9216    27 28 29 
  27    3072    36 37 
  28    9216    34 35 36 
  29    6144    34 
  30    7168    
  31    2048    37 38 
  32    8192    36 38 39 
  33    9216    38 38 
  34    4096    43 44 
  35    2048    43 
  36    5120    41 
  37    8192    41 42 45 
  38    4096    43 45 
  39    3072    40 
  40    10240    47 48 49 52 
  41    5120    48 48 
  42    7168    49 50 
  43    5120    46 50 51 
  44    4096    46 49 51 
  45    7168    
  46    6144    55 
  47    5120    55 
  48    5120    
  49    5120    
  50    6144    53 54 
  51    8192    
  52    9216    55 
  53    7168    
  54    5120    
  55    3072    

