node    size    children
  1    2048    10 11 14 
  2    10240    8 10 13 
  3    7168    8 9 12 
  4    10240    9 12 14 
  5    5120    8 9 10 11 12 
  6    5120    10 13 
  7    3072    14 
  8    9216    15 16 21 
  9    9216    
  10    5120    16 19 
  11    3072    19 
  12    6144    18 19 20 
  13    8192    16 17 18 19 
  14    7168    16 
  15    8192    27 
  16    5120    25 28 
  17    7168    22 23 24 25 26 27 29 
  18    7168    22 23 27 
  19    4096    22 28 29 
  20    5120    23 26 
  21    3072    25 27 
  22    6144    31 
  23    10240    32 35 37 
  24    2048    30 
  25    7168    30 31 33 34 35 
  26    3072    31 34 37 
  27    8192    31 
  28    5120    32 33 36 
  29    2048    33 37 
  30    3072    38 
  31    7168    39 40 42 44 
  32    9216    40 45 
  33    2048    43 45 
  34    9216    41 43 45 
  35    7168    38 41 42 44 
  36    7168    41 42 45 
  37    10240    38 41 
  38    9216    47 49 51 
  39    7168    46 52 
  40    3072    
  41    7168    46 51 
  42    10240    48 49 50 
  43    10240    48 51 
  44    4096    46 47 49 51 
  45    9216    47 
  46    5120    57 58 59 
  47    9216    54 
  48    9216    53 54 56 
  49    5120    53 
  50    10240    57 58 
  51    6144    55 58 
  52    3072    57 
  53    10240    60 65 
  54    9216    61 
  55    3072    61 62 63 65 
  56    7168    62 
  57    9216    60 62 64 
  58    4096    60 63 
  59    2048    60 65 
  60    7168    
  61    2048    
  62    10240    
  63    6144    
  64    5120    
  65    10240    

