node    size    children
  1    10240    5 6 7 8 
  2    10240    8 
  3    10240    5 
  4    10240    6 
  5    8192    10 11 
  6    3072    9 
  7    4096    9 11 12 
  8    3072    12 
  9    5120    13 14 16 
  10    3072    13 
  11    9216    14 
  12    6144    15 16 
  13    6144    17 18 19 21 
  14    2048    20 
  15    4096    18 
  16    2048    
  17    2048    25 
  18    8192    23 26 
  19    3072    22 
  20    7168    24 
  21    6144    
  22    7168    30 
  23    9216    29 30 
  24    4096    27 28 
  25    8192    28 
  26    7168    27 
  27    6144    31 32 
  28    8192    33 
  29    3072    31 32 
  30    10240    34 35 
  31    10240    
  32    6144    
  33    2048    
  34    10240    
  35    4096    

