node    size    children
  1    8192    9 10 12 
  2    9216    10 13 
  3    10240    8 
  4    6144    7 8 11 
  5    4096    9 10 11 
  6    6144    9 12 
  7    4096    19 
  8    7168    16 17 20 
  9    7168    14 15 16 19 20 
  10    6144    14 17 
  11    6144    15 
  12    7168    18 19 20 
  13    9216    17 19 
  14    2048    22 26 
  15    5120    23 24 26 
  16    3072    23 26 
  17    6144    21 27 
  18    2048    25 27 
  19    6144    22 27 
  20    8192    23 26 
  21    2048    31 
  22    8192    28 30 
  23    5120    32 
  24    6144    28 
  25    5120    28 30 
  26    6144    28 29 
  27    4096    29 30 33 
  28    3072    36 
  29    3072    35 37 38 
  30    6144    34 38 
  31    3072    34 36 39 40 
  32    5120    34 36 
  33    7168    35 38 
  34    5120    45 47 
  35    8192    42 43 47 
  36    9216    42 43 44 47 
  37    7168    46 
  38    5120    42 44 47 
  39    9216    41 44 46 
  40    3072    42 43 
  41    8192    49 50 51 52 
  42    3072    53 
  43    7168    
  44    7168    48 51 
  45    3072    51 
  46    3072    
  47    6144    50 
  48    4096    54 56 
  49    10240    56 57 58 
  50    7168    54 55 56 57 58 
  51    4096    57 58 59 
  52    4096    
  53    7168    54 
  54    7168    
  55    5120    60 
  56    7168    
  57    9216    
  58    6144    60 
  59    4096    
  60    6144    

