node    size    children
  1    9216    5 6 
  2    7168    5 
  3    10240    4 6 
  4    8192    
  5    8192    8 9 
  6    2048    7 8 
  7    9216    11 12 
  8    6144    12 
  9    3072    10 
  10    8192    14 15 16 
  11    5120    13 14 
  12    10240    
  13    10240    17 19 
  14    8192    20 
  15    4096    
  16    3072    18 19 
  17    9216    21 
  18    10240    22 24 
  19    5120    21 23 
  20    8192    22 
  21    7168    
  22    9216    25 
  23    10240    
  24    5120    
  25    3072    

