node    size    children
  1    10240    8 
  2    7168    10 
  3    8192    6 7 
  4    8192    6 7 8 
  5    4096    8 9 
  6    3072    12 15 
  7    3072    11 13 
  8    5120    14 15 
  9    8192    
  10    7168    11 12 14 15 
  11    8192    16 17 
  12    10240    20 21 
  13    2048    17 19 20 
  14    3072    16 19 21 
  15    5120    18 19 21 
  16    10240    22 24 25 27 
  17    5120    24 
  18    6144    23 
  19    6144    23 26 
  20    10240    27 
  21    6144    23 24 26 27 
  22    4096    
  23    3072    30 32 
  24    8192    29 31 32 
  25    10240    29 30 31 
  26    4096    28 31 
  27    10240    30 
  28    9216    33 34 38 
  29    8192    
  30    2048    38 
  31    3072    33 34 37 38 
  32    5120    33 34 35 36 
  33    2048    
  34    8192    
  35    3072    39 
  36    9216    
  37    4096    39 
  38    6144    40 
  39    3072    
  40    3072    

