node    size    children
  1    9216    9 
  2    8192    13 
  3    10240    12 
  4    10240    8 12 13 
  5    8192    7 10 13 
  6    3072    9 11 12 
  7    9216    15 16 19 
  8    6144    14 16 
  9    4096    16 
  10    4096    15 16 18 
  11    4096    19 
  12    4096    18 19 
  13    8192    14 15 17 18 
  14    10240    24 
  15    7168    23 
  16    8192    20 21 22 23 25 26 
  17    8192    23 25 
  18    7168    22 24 
  19    6144    22 24 
  20    8192    
  21    8192    28 32 
  22    2048    29 30 
  23    6144    29 31 33 
  24    10240    29 
  25    8192    27 29 32 
  26    2048    27 
  27    5120    34 36 38 
  28    5120    34 36 40 
  29    7168    35 37 
  30    8192    35 37 38 
  31    3072    34 39 40 
  32    3072    34 40 
  33    9216    35 36 40 
  34    4096    43 45 47 
  35    9216    43 45 
  36    4096    45 
  37    3072    42 46 
  38    4096    41 43 44 45 47 
  39    10240    41 42 43 44 47 
  40    4096    44 46 
  41    7168    
  42    7168    
  43    7168    
  44    8192    
  45    8192    50 
  46    5120    48 49 50 
  47    7168    
  48    2048    
  49    7168    
  50    8192    
