node    size    children
  1    4096    8 10 18 20 
  2    4096    11 17 23 27 
  3    5120    7 9 12 14 15 
  4    5120    7 8 9 11 12 20 21 
  5    2048    15 16 17 
  6    5120    8 11 12 13 18 26 
  7    6144    25 
  8    3072    
  9    4096    21 
  10    5120    23 24 29 32 33 
  11    7168    23 26 
  12    8192    
  13    6144    36 
  14    3072    27 31 
  15    7168    27 28 
  16    7168    20 22 24 33 
  17    10240    40 
  18    2048    19 22 38 40 
  19    6144    31 36 37 
  20    7168    34 
  21    3072    29 39 
  22    7168    
  23    10240    25 30 32 36 
  24    8192    
  25    5120    
  26    7168    29 32 34 40 
  27    2048    34 35 
  28    2048    35 
  29    6144    
  30    9216    37 
  31    8192    
  32    10240    
  33    7168    
  34    4096    
  35    3072    
  36    7168    
  37    8192    
  38    8192    
  39    2048    
  40    4096    

