node    size    children
  1    10240    6 9 10 17 22 
  2    3072    10 12 13 14 17 
  3    8192    7 11 14 15 21 
  4    8192    8 12 14 16 
  5    3072    7 9 12 13 16 18 19 20 
  6    9216    
  7    8192    21 
  8    4096    
  9    6144    19 22 
  10    4096    16 22 24 27 
  11    10240    20 
  12    8192    18 21 25 30 
  13    7168    20 
  14    9216    
  15    9216    26 29 31 
  16    5120    23 32 
  17    9216    25 
  18    9216    24 25 31 32 34 
  19    7168    23 27 28 
  20    3072    38 
  21    5120    26 32 
  22    3072    37 
  23    8192    
  24    7168    34 
  25    2048    31 33 40 
  26    6144    35 39 
  27    9216    36 
  28    9216    36 37 
  29    3072    38 
  30    8192    34 
  31    10240    
  32    7168    
  33    5120    
  34    5120    
  35    6144    
  36    2048    39 
  37    2048    40 
  38    5120    
  39    4096    
  40    7168    

