node    size    children
  1    7168    8 10 14 
  2    4096    5 6 7 
  3    5120    5 11 13 
  4    7168    8 9 10 13 
  5    6144    15 
  6    8192    15 
  7    7168    12 16 
  8    10240    17 20 
  9    2048    24 25 
  10    3072    21 22 
  11    2048    14 17 18 22 23 
  12    5120    
  13    9216    21 28 
  14    10240    
  15    6144    
  16    3072    19 24 25 28 
  17    4096    26 34 
  18    3072    27 
  19    3072    
  20    6144    30 33 
  21    5120    22 33 
  22    10240    
  23    7168    31 
  24    10240    29 31 35 
  25    5120    35 
  26    9216    
  27    8192    
  28    6144    33 34 
  29    4096    34 
  30    10240    32 
  31    9216    
  32    2048    
  33    2048    
  34    4096    
  35    9216    
