node    size    children
  1    6144    5 11 12 
  2    7168    5 6 12 13 16 18 
  3    10240    8 9 16 
  4    2048    6 7 8 11 15 17 
  5    2048    10 14 
  6    4096    19 25 
  7    10240    22 27 
  8    10240    10 
  9    4096    11 12 15 21 
  10    10240    
  11    4096    20 23 28 
  12    6144    19 
  13    6144    18 21 25 26 
  14    10240    24 25 30 31 
  15    4096    
  16    10240    31 
  17    9216    19 30 
  18    6144    29 
  19    5120    24 
  20    8192    
  21    5120    
  22    5120    
  23    9216    
  24    10240    
  25    9216    32 
  26    10240    33 35 
  27    6144    
  28    10240    
  29    5120    
  30    2048    
  31    6144    34 
  32    5120    
  33    9216    
  34    7168    
  35    6144    
