node    size    children
  1    6144    7 8 11 14 16 17 18 21 
  2    7168    7 8 9 10 12 14 15 17 21 23 25 26 
  3    5120    7 10 12 17 20 24 28 
  4    7168    9 11 12 19 20 30 
  5    6144    8 13 
  6    6144    10 19 20 30 
  7    2048    
  8    7168    13 19 35 
  9    2048    22 23 
  10    2048    24 25 33 
  11    6144    13 27 36 39 
  12    2048    29 32 38 
  13    10240    34 37 
  14    6144    26 
  15    6144    
  16    5120    29 31 46 
  17    6144    20 21 27 28 29 31 33 
  18    4096    36 38 41 
  19    7168    31 40 
  20    9216    28 33 43 
  21    7168    32 35 
  22    4096    50 
  23    8192    
  24    2048    33 49 
  25    4096    31 32 
  26    8192    42 
  27    7168    
  28    5120    
  29    6144    
  30    7168    35 36 50 
  31    8192    
  32    2048    39 
  33    9216    36 43 44 
  34    8192    43 47 48 
  35    7168    40 42 
  36    10240    
  37    3072    44 
  38    8192    50 
  39    9216    45 49 
  40    8192    
  41    2048    
  42    6144    
  43    8192    
  44    7168    
  45    2048    48 
  46    2048    47 
  47    7168    
  48    10240    
  49    4096    
  50    9216