node    size    children
  1    8192    7 9 13 14 
  2    6144    7 
  3    7168    8 11 
  4    9216    6 8 10 11 
  5    3072    8 9 10 
  6    6144    
  7    9216    11 12 
  8    10240    18 19 
  9    7168    15 
  10    9216    
  11    5120    17 22 
  12    10240    20 21 
  13    8192    20 21 
  14    4096    16 20 22 
  15    10240    
  16    7168    
  17    8192    27 
  18    3072    23 25 28 
  19    3072    24 
  20    10240    26 29 
  21    10240    24 26 32 
  22    7168    
  23    4096    27 30 
  24    3072    29 34 
  25    4096    
  26    2048    33 
  27    2048    
  28    8192    31 
  29    5120    
  30    6144    
  31    10240    35 
  32    8192    
  33    5120    
  34    9216    
  35    5120    

