node    size    children
  1    6144    7 8 11 12 
  2    4096    7 8 12 
  3    2048    10 13 20 
  4    9216    7 10 11 13 17 18 21 
  5    5120    9 17 
  6    2048    9 12 14 
  7    2048    19 
  8    9216    15 
  9    9216    13 16 26 
  10    6144    15 17 
  11    10240    14 
  12    8192    
  13    6144    22 32 
  14    8192    19 27 29 
  15    10240    27 31 
  16    3072    23 31 
  17    10240    18 
  18    7168    25 29 33 35 
  19    8192    32 
  20    5120    28 30 36 
  21    10240    24 37 
  22    8192    28 29 34 
  23    8192    
  24    8192    35 
  25    2048    28 33 39 
  26    10240    42 
  27    3072    30 35 38 
  28    2048    34 40 45 
  29    4096    33 
  30    7168    
  31    6144    36 
  32    7168    37 40 
  33    10240    38 
  34    3072    
  35    6144    41 43 
  36    8192    
  37    8192    
  38    4096    
  39    8192    
  40    9216    
  41    2048    
  42    7168    43 44 
  43    3072    
  44    5120    
  45    9216    

