node    size    children
  1    6144    8 10 11 
  2    9216    12 13 15 
  3    4096    6 9 14 15 
  4    3072    7 8 9 14 
  5    6144    10 
  6    7168    
  7    4096    13 16 
  8    2048    15 
  9    8192    
  10    5120    16 
  11    10240    16 18 
  12    4096    17 20 21 22 23 24 26 27 
  13    3072    26 
  14    6144    25 
  15    2048    17 18 19 
  16    4096    17 18 22 
  17    3072    27 29 
  18    8192    24 27 
  19    6144    25 30 
  20    9216    30 32 
  21    2048    
  22    8192    
  23    9216    30 31 32 36 
  24    8192    34 
  25    10240    33 
  26    5120    32 36 
  27    7168    28 
  28    6144    33 35 37 42 
  29    5120    
  30    7168    40 43 
  31    6144    35 38 39 40 
  32    3072    35 42 
  33    9216    40 41 43 
  34    2048    44 
  35    2048    
  36    6144    44 
  37    2048    39 
  38    9216    
  39    8192    
  40    7168    
  41    10240    
  42    7168    45 
  43    4096    
  44    8192    
  45    7168    

